25.09  25.21  25.39  25.66  26.07  26.66  27.47  28.48  29.60  30.60  31.07  30.69  29.79  28.76  27.83  27.08  26.50  26.05  25.67  25.33  
25.18  25.41  25.75  26.28  27.08  28.26  29.90  32.04  34.55  36.94  38.20  37.15  34.97  32.67  30.72  29.21  28.08  27.18  26.41  25.70  
25.25  25.57  26.06  26.81  27.97  29.70  32.18  35.60  39.98  44.80  48.03  45.18  40.73  36.73  33.65  31.42  29.79  28.48  27.31  26.16  
25.30  25.69  26.28  27.19  28.62  30.78  34.00  38.71  45.49  54.76  64.43  55.35  46.70  40.55  36.43  33.68  31.73  30.10  28.49  26.79  
25.32  25.75  26.39  27.38  28.93  31.30  34.88  40.36  49.10  64.81  100.00 65.71  50.93  43.18  38.70  35.96  34.04  32.25  30.15  27.69  
25.33  25.75  26.38  27.36  28.87  31.14  34.50  39.38  46.36  55.87  65.83  57.13  49.00  43.52  40.24  38.37  37.04  35.36  32.63  29.04  
25.30  25.70  26.28  27.16  28.50  30.47  33.25  37.03  41.82  47.13  50.94  48.83  45.41  42.78  41.48  41.25  41.30  40.21  36.47  31.07  
25.27  25.61  26.11  26.85  27.96  29.53  31.66  34.39  37.57  40.71  42.84  42.87  42.14  41.91  42.82  44.96  47.61  48.40  42.45  34.01  
25.22  25.50  25.91  26.50  27.36  28.55  30.11  32.02  34.15  36.22  37.82  38.74  39.58  41.14  44.14  49.22  56.64  63.98  51.33  37.76  
25.18  25.40  25.71  26.16  26.80  27.67  28.78  30.11  31.59  33.08  34.47  35.81  37.50  40.14  44.57  52.17  66.52  100.00 61.44  40.89  
25.13  25.30  25.53  25.86  26.32  26.94  27.72  28.65  29.71  30.86  32.11  33.59  35.60  38.55  42.96  49.35  57.92  66.12  53.75  39.50  
25.10  25.22  25.39  25.62  25.95  26.38  26.92  27.58  28.36  29.28  30.39  31.83  33.82  36.63  40.47  45.32  50.43  53.25  48.25  38.52  
25.07  25.16  25.27  25.44  25.66  25.96  26.34  26.81  27.39  28.13  29.09  30.39  32.22  34.72  38.02  41.99  46.05  48.78  47.90  41.54  
25.05  25.11  25.19  25.30  25.45  25.65  25.92  26.25  26.69  27.28  28.08  29.20  30.79  32.98  35.88  39.51  43.79  48.57  53.44  54.96  
25.03  25.07  25.13  25.20  25.30  25.44  25.62  25.86  26.18  26.63  27.27  28.20  29.52  31.36  33.87  37.22  41.81  48.85  62.72  100.00 
25.02  25.05  25.08  25.13  25.19  25.28  25.40  25.56  25.79  26.12  26.60  27.31  28.33  29.77  31.75  34.43  38.02  42.84  48.90  52.47  
25.01  25.03  25.05  25.08  25.11  25.17  25.24  25.34  25.49  25.70  26.03  26.50  27.19  28.18  29.52  31.30  33.53  36.00  37.82  36.08  
25.01  25.01  25.02  25.03  25.05  25.08  25.11  25.16  25.23  25.34  25.50  25.74  26.09  26.58  27.26  28.13  29.15  30.12  30.49  29.13  
